940
833
530
727
89
101
504
207
389
775
680
79
170
636
624
979
195
592
195
654
509
665
219
218
322
394
545
105
747
207
690
708
784
103
550
623
299
254
214
781
472
194
647
481
570
777
789
432
388
333
396
858
474
536
564
929
422
396
690
178
360
869
547
696
590
346
965
785
921
203
814
968
386
459
504
218
618
636
707
747
269
941
212
846
643
836
439
821
215
592
411
830
121
375
169
675
421
421
175
360
544
442
169
635
289
53
843
29
360
701
430
477
876
441
362
878
298
291
394
28
139
466
337
787
551
335
919
170
562
285
374
324
337
726
397
699
674
323
945
956
916
56
729
929
967
403
249
73
703
661
655
745
660
147
609
14
182
926
308
208
558
949
581
629
674
624
361
458
984
796
61
933
403
462
805
765
578
358
715
470
354
386
958
734
198
531
289
948
200
931
249
519
534
764
745
659
390
711
662
257
433
68
721
672
273
409
512
979
749
777
175
884
212
898
458
668
834
672
516
711
232
799
264
251
535
886
854
852
515
25
499
925
104
509
228
830
461
70
539
99
354
7
149
272
749
631
801
187
90
704
16
517
478
248
378
278
384
816
823
758
366
17
97
606
93
458
752
633
560
524
750
639
349
587
273
713
694
29
155
989
339
869
612
158
303
959
485
539
145
108
939
814
338
921
685
382
602
905
443
270
444
667
252
356
594
743
411
208
23
676
138
865
178
221
921
133
924
630
997
681
615
164
106
653
809
307
6
956
429
447
334
633
681
176
831
170
618
452
980
342
285
660
658
804
863
439
481
635
699
954
29
931
727
157
636
181
16
763
39
652
993
82
691
2
907
367
467
416
643
451
758
374
767
672
855
112
542
456
294
357
86
600
281
585
315
502
748
835
178
71
287
980
337
43
376
750
746
241
691
387
569
160
519
528
335
982
762
470
832
444
334
953
928
938
683
905
815
858
372
361
564
830
937
866
192
388
228
82
508
812
638
521
788
613
693
775
697
293
173
842
442
563
570
419
613
806
700
344
305
622
386
813
11
781
788
848
429
99
682
457
662
71
808
558
897
139
20
69
298
347
749
731
57
530
209
110
977
170
259
220
175
80
349
73
702
938
407
396
502
895
118
416
23
265
51
847
846
781
53
408
